Starting continuation from p1 = 0.85496, T = 26.168...
Step  | p1       | T        | Acc (+1)   | PDB (-1)  
-----------------------------------------------------------------
0     | 0.85566 | 26.218 | 2.4e-06 | 1.0e+00
10    | 0.85744 | 26.346 | 2.3e-06 | 9.9e-01
15    | 0.85877 | 26.442 | 2.3e-06 | 9.8e-01
20    | 0.86013 | 26.541 | 2.4e-06 | 9.6e-01
30    | 0.86134 | 26.628 | 3.1e-06 | 9.5e-01
35    | 0.86157 | 26.645 | 3.3e-06 | 9.5e-01
45    | 0.86225 | 26.694 | 2.7e-06 | 9.4e-01
50    | 0.86245 | 26.709 | 3.1e-06 | 9.4e-01
55    | 0.86266 | 26.725 | 3.2e-06 | 9.3e-01
65    | 0.86329 | 26.770 | 3.2e-06 | 9.3e-01
70    | 0.86355 | 26.789 | 2.7e-06 | 9.2e-01
105   | 0.86585 | 26.958 | 2.7e-06 | 9.0e-01
110   | 0.86603 | 26.971 | 2.7e-06 | 8.9e-01
120   | 0.86684 | 27.031 | 2.8e-06 | 8.8e-01
135   | 0.86778 | 27.100 | 3.1e-06 | 8.7e-01
145   | 0.86866 | 27.165 | 3.1e-06 | 8.6e-01
150   | 0.86896 | 27.188 | 3.3e-06 | 8.6e-01
155   | 0.86919 | 27.205 | 2.7e-06 | 8.6e-01
190   | 0.87138 | 27.368 | 2.9e-06 | 8.3e-01
200   | 0.87210 | 27.421 | 2.9e-06 | 8.2e-01
215   | 0.87321 | 27.505 | 2.8e-06 | 8.1e-01
220   | 0.87343 | 27.521 | 2.8e-06 | 8.0e-01
230   | 0.87407 | 27.569 | 3.1e-06 | 7.9e-01
235   | 0.87434 | 27.590 | 2.9e-06 | 7.9e-01